{"name":"Local: 1507","url":"c:\\Users\\hyun\\.vscode\\Boj\\Graph\\1507.cpp","tests":[{"id":1708092563061,"input":"5\n0 6 15 2 6\n6 0 9 8 12\n15 9 0 16 18\n2 8 16 0 4\n6 12 18 4 0","output":""},{"id":1708092821513,"input":"3\n0 2 2\n2 0 2\n2 2 0","output":""},{"id":1708092827170,"input":"8\n0 1 6 17 26 13 7 16\n1 0 5 16 25 12 7 15\n6 5 0 21 21 8 12 11\n17 16 21 0 41 28 23 31\n26 25 21 41 0 13 32 10\n13 12 8 28 13 0 19 3\n7 7 12 23 32 19 0 22\n16 15 11 31 10 3 22 0","output":""},{"id":1708092840437,"input":"3\n0 1 3\n1 0 1\n3 1 0","output":""}],"interactive":false,"memoryLimit":1024,"timeLimit":3000,"srcPath":"c:\\Users\\hyun\\.vscode\\Boj\\Graph\\1507.cpp","group":"local","local":true}